100
88
46
99
76
53
72
72
68
73
63
100
86
72
38
78
70
82
15
80
87
90
94
87
60
100
83
81
65
93
97
74
73
97
79
70
79
84
64
81
79
79
93
99
88
89
71
88
70
99
80
85
85
99
87
87
85
78
100
83
93
80
100
89
35
80
79
100
12
26
96
91
79
77
83
98
72
72
100
98
87
75
81
100
99
78
97
100
80
99
86
87
80
82
66
78
20
79
86
100
56
85
93
75
81
75
86
98
89
98
76
60
59
100
82
92
96
98
89
94
80
83
86
100
55
86
93
60
58
76
92
81
89
42
86
92
78
70
96
100
100
56
88
73
